224548
224549
224550
224797
224798
224799
224808
224809
224810
225577
225578
225579
230492
230493
230494
232411
224795
224796
224805
224806
224807
224811
224812
227673
233186
233267
227674
233189
230480
230486
230487
232409
224854
224853
225537
227179
227070
227072
227073
227180
227074
227075
227588
227589
227590
227591
227592
227593
227594
227595
227596
227597
227598
227599
227600
227601
227602
227603
230475
230476
234678
234679
233957
230985
230987
230989
224813
235992
225538
225539
225540
239085
224800
235990
235991
