230437
230440
230448
230443
230457
230454
230451
230463
230427
230460
230449
230450
230444
230445
230458
230459
230455
230456
230452
230453
230464
230465
230430
230432
230461
230462
230441
230442
230438
230439
233958
230410
230411
230416
230417
230418
230422
230423
230472
233188
233266
230473
230474
230477
230478
230479
232373
230406
230407
230409
230412
230413
230414
230419
230420
230421
230469
230470
230471
230489
230490
230491
232410
230466
230467
230468
239086
230415
236448
236449
230426
236180
230984
230986
230990
